#                \hbar \omega(eV)     Re(chi) (e^2*a_0^2/eV) Im(chi) (e^2*a_0^2/eV)
     chi_1_1=  0.000000000000000E+00  -.425629803082396E+00  0.315502987597367E-11
     chi_1_1=  0.500000000000000E-01  -.425636645564760E+00  -.749644683330146E-04
     chi_1_1=  0.100000000000000E+00  -.425657177357181E+00  -.149977614773179E-03
     chi_1_1=  0.150000000000000E+00  -.425691411507387E+00  -.225088247865744E-03
     chi_1_1=  0.200000000000000E+00  -.425739369800767E+00  -.300345453697902E-03
     chi_1_1=  0.250000000000000E+00  -.425801082819376E+00  -.375798732177015E-03
     chi_1_1=  0.300000000000000E+00  -.425876590025062E+00  -.451498139180961E-03
     chi_1_1=  0.350000000000000E+00  -.425965939867209E+00  -.527494432380714E-03
     chi_1_1=  0.400000000000000E+00  -.426069189915803E+00  -.603839221733865E-03
     chi_1_1=  0.450000000000000E+00  -.426186407020603E+00  -.680585125703696E-03
     chi_1_1=  0.500000000000000E+00  -.426317667497488E+00  -.757785934327808E-03
     chi_1_1=  0.550000000000000E+00  -.426463057343127E+00  -.835496780344384E-03
     chi_1_1=  0.600000000000000E+00  -.426622672479395E+00  -.913774319684676E-03
     chi_1_1=  0.650000000000000E+00  -.426796619029108E+00  -.992676922759055E-03
     chi_1_1=  0.700000000000000E+00  -.426985013624963E+00  -.107226487810374E-02
     chi_1_1=  0.750000000000000E+00  -.427187983753729E+00  -.115260061011826E-02
     chi_1_1=  0.800000000000000E+00  -.427405668138091E+00  -.123374891281420E-02
     chi_1_1=  0.850000000000000E+00  -.427638217158823E+00  -.131577720171685E-02
     chi_1_1=  0.900000000000000E+00  -.427885793320298E+00  -.139875578631920E-02
     chi_1_1=  0.950000000000000E+00  -.428148571762770E+00  -.148275816578668E-02
     chi_1_1=  0.100000000000000E+01  -.428426740825213E+00  -.156786135095928E-02
     chi_1_1=  0.105000000000000E+01  -.428720502663075E+00  -.165414621610368E-02
     chi_1_1=  0.110000000000000E+01  -.429030073925730E+00  -.174169788434020E-02
     chi_1_1=  0.115000000000000E+01  -.429355686499119E+00  -.183060615122255E-02
     chi_1_1=  0.120000000000000E+01  -.429697588319674E+00  -.192096595159453E-02
     chi_1_1=  0.125000000000000E+01  -.430056044266413E+00  -.201287787560692E-02
     chi_1_1=  0.130000000000000E+01  -.430431337139007E+00  -.210644874066969E-02
     chi_1_1=  0.135000000000000E+01  -.430823768730534E+00  -.220179222716688E-02
     chi_1_1=  0.140000000000000E+01  -.431233661004852E+00  -.229902958700564E-02
     chi_1_1=  0.145000000000000E+01  -.431661357389750E+00  -.239829043554600E-02
     chi_1_1=  0.150000000000000E+01  -.432107224198574E+00  -.249971363921375E-02
     chi_1_1=  0.155000000000000E+01  -.432571652194648E+00  -.260344831319342E-02
     chi_1_1=  0.160000000000000E+01  -.433055058314864E+00  -.270965494610913E-02
     chi_1_1=  0.165000000000000E+01  -.433557887570918E+00  -.281850667161694E-02
     chi_1_1=  0.170000000000000E+01  -.434080615149385E+00  -.293019071047378E-02
     chi_1_1=  0.175000000000000E+01  -.434623748734691E+00  -.304491001105828E-02
     chi_1_1=  0.180000000000000E+01  -.435187831082525E+00  -.316288512168299E-02
     chi_1_1=  0.185000000000000E+01  -.435773442875162E+00  -.328435633459157E-02
     chi_1_1=  0.190000000000000E+01  -.436381205894745E+00  -.340958614957547E-02
     chi_1_1=  0.195000000000000E+01  -.437011786555815E+00  -.353886211505726E-02
     chi_1_1=  0.200000000000000E+01  -.437665899844455E+00  -.367250011676550E-02
     chi_1_1=  0.205000000000000E+01  -.438344313718358E+00  -.381084819941012E-02
     chi_1_1=  0.210000000000000E+01  -.439047854030041E+00  -.395429102589185E-02
     chi_1_1=  0.215000000000000E+01  -.439777410044522E+00  -.410325510263851E-02
     chi_1_1=  0.220000000000000E+01  -.440533940632833E+00  -.425821493009909E-02
     chi_1_1=  0.225000000000000E+01  -.441318481234034E+00  -.441970027615464E-02
     chi_1_1=  0.230000000000000E+01  -.442132151690470E+00  -.458830481977826E-02
     chi_1_1=  0.235000000000000E+01  -.442976165073723E+00  -.476469647612369E-02
     chi_1_1=  0.240000000000000E+01  -.443851837630894E+00  -.494962979696746E-02
     chi_1_1=  0.245000000000000E+01  -.444760599991353E+00  -.514396094836655E-02
     chi_1_1=  0.250000000000000E+01  -.445704009779838E+00  -.534866590910177E-02
     chi_1_1=  0.255000000000000E+01  -.446683765778379E+00  -.556486272073901E-02
     chi_1_1=  0.260000000000000E+01  -.447701723758898E+00  -.579383886918520E-02
     chi_1_1=  0.265000000000000E+01  -.448759914057429E+00  -.603708521084236E-02
     chi_1_1=  0.270000000000000E+01  -.449860560857105E+00  -.629633830481209E-02
     chi_1_1=  0.275000000000000E+01  -.451006102953360E+00  -.657363361861712E-02
     chi_1_1=  0.280000000000000E+01  -.452199215427959E+00  -.687137289653170E-02
     chi_1_1=  0.285000000000000E+01  -.453442831052005E+00  -.719241009410314E-02
     chi_1_1=  0.290000000000000E+01  -.454740159191249E+00  -.754016178862146E-02
     chi_1_1=  0.295000000000000E+01  -.456094698190835E+00  -.791874998886344E-02
     chi_1_1=  0.300000000000000E+01  -.457510234142800E+00  -.833318789636433E-02
     chi_1_1=  0.305000000000000E+01  -.458990813684995E+00  -.878962243835229E-02
     chi_1_1=  0.310000000000000E+01  -.460540669513458E+00  -.929565103483030E-02
     chi_1_1=  0.315000000000000E+01  -.462164062074570E+00  -.986073302395227E-02
     chi_1_1=  0.320000000000000E+01  -.463864975445492E+00  -.104967154268681E-01
     chi_1_1=  0.325000000000000E+01  -.465646564150908E+00  -.112184806750515E-01
     chi_1_1=  0.330000000000000E+01  -.467510185289872E+00  -.120446829970241E-01
     chi_1_1=  0.335000000000000E+01  -.469453770514607E+00  -.129984336525888E-01
     chi_1_1=  0.340000000000000E+01  -.471469235862372E+00  -.141075582079095E-01
     chi_1_1=  0.345000000000000E+01  -.473538740289403E+00  -.154036081826219E-01
     chi_1_1=  0.350000000000000E+01  -.475630234886888E+00  -.169182278168171E-01
     chi_1_1=  0.355000000000000E+01  -.477694347588286E+00  -.186753744370469E-01
     chi_1_1=  0.360000000000000E+01  -.479666812082538E+00  -.206798361411387E-01
     chi_1_1=  0.365000000000000E+01  -.481480281863609E+00  -.229074333650000E-01
     chi_1_1=  0.370000000000000E+01  -.483082496390175E+00  -.253058010206820E-01
     chi_1_1=  0.375000000000000E+01  -.484449332923383E+00  -.278080759999524E-01
     chi_1_1=  0.379999999999999E+01  -.485585600127126E+00  -.303500459481130E-01
     chi_1_1=  0.384999999999999E+01  -.486516871872206E+00  -.328837499476091E-01
     chi_1_1=  0.390000000000000E+01  -.487272384992967E+00  -.353822544319535E-01
     chi_1_1=  0.394999999999999E+01  -.487874927192341E+00  -.378243908854265E-01
     chi_1_1=  0.399999999999999E+01  -.488358707536923E+00  -.401898079072407E-01
     chi_1_1=  0.404999999999999E+01  -.488764609164047E+00  -.424887438857815E-01
     chi_1_1=  0.409999999999999E+01  -.489092382093312E+00  -.447494855430971E-01
     chi_1_1=  0.414999999999999E+01  -.489317726792366E+00  -.469513868035599E-01
     chi_1_1=  0.419999999999999E+01  -.489478807594353E+00  -.490445631830793E-01
     chi_1_1=  0.424999999999999E+01  -.489656871729741E+00  -.510585839248860E-01
     chi_1_1=  0.429999999999999E+01  -.489842351844993E+00  -.530907925994391E-01
     chi_1_1=  0.434999999999999E+01  -.489926382730710E+00  -.551474282996896E-01
     chi_1_1=  0.439999999999999E+01  -.489879671311682E+00  -.570999758563092E-01
     chi_1_1=  0.444999999999999E+01  -.489845288628867E+00  -.588739555954154E-01
     chi_1_1=  0.449999999999999E+01  -.489956696887138E+00  -.606006559226712E-01
     chi_1_1=  0.454999999999999E+01  -.490124197133751E+00  -.624671539606378E-01
     chi_1_1=  0.459999999999999E+01  -.490121076966771E+00  -.644477168093387E-01
     chi_1_1=  0.464999999999999E+01  -.489888204906544E+00  -.662945115313010E-01
     chi_1_1=  0.469999999999999E+01  -.489660423220501E+00  -.678452321520507E-01
     chi_1_1=  0.474999999999999E+01  -.489701889477084E+00  -.692692944199661E-01
     chi_1_1=  0.479999999999999E+01  -.489962055163588E+00  -.708998760553503E-01
     chi_1_1=  0.484999999999999E+01  -.490096750186094E+00  -.728395441501611E-01
     chi_1_1=  0.489999999999999E+01  -.489844764173893E+00  -.748038072090222E-01
     chi_1_1=  0.494999999999999E+01  -.489357404983860E+00  -.764021921893368E-01
     chi_1_1=  0.499999999999999E+01  -.489083212899171E+00  -.775923704599661E-01
