#                \hbar \omega(eV)     Re(chi) (e^2*a_0^2/eV) Im(chi) (e^2*a_0^2/eV)
     chi_1_1=  0.000000000000000E+00  -.252311363967236E+00  0.121859554198678E-10
     chi_1_1=  0.500000000000000E-01  -.252312856664255E+00  -.162728366705693E-04
     chi_1_1=  0.100000000000000E+00  -.252317334989080E+00  -.325482447770084E-04
     chi_1_1=  0.150000000000000E+00  -.252324799643145E+00  -.488287728671069E-04
     chi_1_1=  0.200000000000000E+00  -.252335251795952E+00  -.651169846452964E-04
     chi_1_1=  0.250000000000000E+00  -.252348693085747E+00  -.814154482768475E-04
     chi_1_1=  0.300000000000000E+00  -.252365125620463E+00  -.977267378838068E-04
     chi_1_1=  0.350000000000000E+00  -.252384551978944E+00  -.114053435048666E-03
     chi_1_1=  0.400000000000000E+00  -.252406975212422E+00  -.130398130327731E-03
     chi_1_1=  0.450000000000000E+00  -.252432398846296E+00  -.146763424776177E-03
     chi_1_1=  0.500000000000000E+00  -.252460826882167E+00  -.163151931486813E-03
     chi_1_1=  0.550000000000000E+00  -.252492263800167E+00  -.179566277144594E-03
     chi_1_1=  0.600000000000000E+00  -.252526714561561E+00  -.196009103598972E-03
     chi_1_1=  0.650000000000000E+00  -.252564184611645E+00  -.212483069456213E-03
     chi_1_1=  0.700000000000000E+00  -.252604679882932E+00  -.228990851693850E-03
     chi_1_1=  0.750000000000000E+00  -.252648206798624E+00  -.245535147299501E-03
     chi_1_1=  0.800000000000000E+00  -.252694772276399E+00  -.262118674936333E-03
     chi_1_1=  0.850000000000000E+00  -.252744383732491E+00  -.278744176637523E-03
     chi_1_1=  0.900000000000000E+00  -.252797049086079E+00  -.295414419532131E-03
     chi_1_1=  0.950000000000000E+00  -.252852776764001E+00  -.312132197604879E-03
     chi_1_1=  0.100000000000000E+01  -.252911575705782E+00  -.328900333492412E-03
     chi_1_1=  0.105000000000000E+01  -.252973455368991E+00  -.345721680318696E-03
     chi_1_1=  0.110000000000000E+01  -.253038425734938E+00  -.362599123572341E-03
     chi_1_1=  0.115000000000000E+01  -.253106497314713E+00  -.379535583028682E-03
     chi_1_1=  0.120000000000000E+01  -.253177681155573E+00  -.396534014719615E-03
     chi_1_1=  0.125000000000000E+01  -.253251988847696E+00  -.413597412954287E-03
     chi_1_1=  0.130000000000000E+01  -.253329432531305E+00  -.430728812393857E-03
     chi_1_1=  0.135000000000000E+01  -.253410024904161E+00  -.447931290183705E-03
     chi_1_1=  0.140000000000000E+01  -.253493779229466E+00  -.465207968146601E-03
     chi_1_1=  0.145000000000000E+01  -.253580709344151E+00  -.482562015040511E-03
     chi_1_1=  0.150000000000000E+01  -.253670829667582E+00  -.499996648884888E-03
     chi_1_1=  0.155000000000000E+01  -.253764155210704E+00  -.517515139359475E-03
     chi_1_1=  0.160000000000000E+01  -.253860701585607E+00  -.535120810279843E-03
     chi_1_1=  0.165000000000000E+01  -.253960485015558E+00  -.552817042154127E-03
     chi_1_1=  0.170000000000000E+01  -.254063522345500E+00  -.570607274825567E-03
     chi_1_1=  0.175000000000000E+01  -.254169831053029E+00  -.588495010205816E-03
     chi_1_1=  0.180000000000000E+01  -.254279429259884E+00  -.606483815104122E-03
     chi_1_1=  0.185000000000000E+01  -.254392335743945E+00  -.624577324157853E-03
     chi_1_1=  0.190000000000000E+01  -.254508569951775E+00  -.642779242870056E-03
     chi_1_1=  0.195000000000000E+01  -.254628152011713E+00  -.661093350760129E-03
     chi_1_1=  0.200000000000000E+01  -.254751102747556E+00  -.679523504633948E-03
     chi_1_1=  0.205000000000000E+01  -.254877443692825E+00  -.698073641980197E-03
     chi_1_1=  0.210000000000000E+01  -.255007197105669E+00  -.716747784500047E-03
     chi_1_1=  0.215000000000000E+01  -.255140385984407E+00  -.735550041777664E-03
     chi_1_1=  0.220000000000000E+01  -.255277034083742E+00  -.754484615099594E-03
     chi_1_1=  0.225000000000000E+01  -.255417165931686E+00  -.773555801431408E-03
     chi_1_1=  0.230000000000000E+01  -.255560806847200E+00  -.792767997560618E-03
     chi_1_1=  0.235000000000000E+01  -.255707982958602E+00  -.812125704415348E-03
     chi_1_1=  0.240000000000000E+01  -.255858721222768E+00  -.831633531568846E-03
     chi_1_1=  0.245000000000000E+01  -.256013049445147E+00  -.851296201940563E-03
     chi_1_1=  0.250000000000000E+01  -.256170996300654E+00  -.871118556705187E-03
     chi_1_1=  0.255000000000000E+01  -.256332591355446E+00  -.891105560421774E-03
     chi_1_1=  0.260000000000000E+01  -.256497865089647E+00  -.911262306395815E-03
     chi_1_1=  0.265000000000000E+01  -.256666848921053E+00  -.931594022288039E-03
     chi_1_1=  0.270000000000000E+01  -.256839575229862E+00  -.952106075984555E-03
     chi_1_1=  0.275000000000000E+01  -.257016077384480E+00  -.972803981743941E-03
     chi_1_1=  0.280000000000000E+01  -.257196389768447E+00  -.993693406637939E-03
     chi_1_1=  0.285000000000000E+01  -.257380547808554E+00  -.101478017730357E-02
     chi_1_1=  0.290000000000000E+01  -.257568588004173E+00  -.103607028702561E-02
     chi_1_1=  0.295000000000000E+01  -.257760547957906E+00  -.105756990316980E-02
     chi_1_1=  0.300000000000000E+01  -.257956466407575E+00  -.107928537498849E-02
     chi_1_1=  0.305000000000000E+01  -.258156383259644E+00  -.110122324182203E-02
     chi_1_1=  0.310000000000000E+01  -.258360339624142E+00  -.112339024172079E-02
     chi_1_1=  0.315000000000000E+01  -.258568377851152E+00  -.114579332051458E-02
     chi_1_1=  0.320000000000000E+01  -.258780541568968E+00  -.116843964135810E-02
     chi_1_1=  0.325000000000000E+01  -.258996875723978E+00  -.119133659478329E-02
     chi_1_1=  0.330000000000000E+01  -.259217426622392E+00  -.121449180929153E-02
     chi_1_1=  0.335000000000000E+01  -.259442241973895E+00  -.123791316252142E-02
     chi_1_1=  0.340000000000000E+01  -.259671370937341E+00  -.126160879303020E-02
     chi_1_1=  0.345000000000000E+01  -.259904864168583E+00  -.128558711273025E-02
     chi_1_1=  0.350000000000000E+01  -.260142773870573E+00  -.130985682002483E-02
     chi_1_1=  0.355000000000000E+01  -.260385153845858E+00  -.133442691369110E-02
     chi_1_1=  0.360000000000000E+01  -.260632059551586E+00  -.135930670756205E-02
     chi_1_1=  0.365000000000000E+01  -.260883548157195E+00  -.138450584606316E-02
     chi_1_1=  0.370000000000000E+01  -.261139678604915E+00  -.141003432066406E-02
     chi_1_1=  0.375000000000000E+01  -.261400511673264E+00  -.143590248731066E-02
     chi_1_1=  0.379999999999999E+01  -.261666110043701E+00  -.146212108490821E-02
     chi_1_1=  0.384999999999999E+01  -.261936538370633E+00  -.148870125493204E-02
     chi_1_1=  0.390000000000000E+01  -.262211863354977E+00  -.151565456224917E-02
     chi_1_1=  0.394999999999999E+01  -.262492153821493E+00  -.154299301724079E-02
     chi_1_1=  0.399999999999999E+01  -.262777480800117E+00  -.157072909932390E-02
     chi_1_1=  0.404999999999999E+01  -.263067917611552E+00  -.159887578197868E-02
     chi_1_1=  0.409999999999999E+01  -.263363539957375E+00  -.162744655939773E-02
     chi_1_1=  0.414999999999999E+01  -.263664426014963E+00  -.165645547488381E-02
     chi_1_1=  0.419999999999999E+01  -.263970656537536E+00  -.168591715113413E-02
     chi_1_1=  0.424999999999999E+01  -.264282314959661E+00  -.171584682256203E-02
     chi_1_1=  0.429999999999999E+01  -.264599487508573E+00  -.174626036982094E-02
     chi_1_1=  0.434999999999999E+01  -.264922263321709E+00  -.177717435671102E-02
     chi_1_1=  0.439999999999999E+01  -.265250734570880E+00  -.180860606966625E-02
     chi_1_1=  0.444999999999999E+01  -.265584996593514E+00  -.184057356003878E-02
     chi_1_1=  0.449999999999999E+01  -.265925148031505E+00  -.187309568941863E-02
     chi_1_1=  0.454999999999999E+01  -.266271290978160E+00  -.190619217825060E-02
     chi_1_1=  0.459999999999999E+01  -.266623531133854E+00  -.193988365803654E-02
     chi_1_1=  0.464999999999999E+01  -.266981977971007E+00  -.197419172744050E-02
     chi_1_1=  0.469999999999999E+01  -.267346744909073E+00  -.200913901264745E-02
     chi_1_1=  0.474999999999999E+01  -.267717949500288E+00  -.204474923236246E-02
     chi_1_1=  0.479999999999999E+01  -.268095713626973E+00  -.208104726787914E-02
     chi_1_1=  0.484999999999999E+01  -.268480163711290E+00  -.211805923869190E-02
     chi_1_1=  0.489999999999999E+01  -.268871430938412E+00  -.215581258417863E-02
     chi_1_1=  0.494999999999999E+01  -.269269651494142E+00  -.219433615193927E-02
     chi_1_1=  0.499999999999999E+01  -.269674966818157E+00  -.223366029344108E-02
