#        \hbar \omega(eV)           Re(1/eps)            -Im(1/eps)               Re(eps)                Im(eps)
     0.000000000000000E+00  0.423030590529865E+00  -.757728338687050E-11  0.236389524158869E+01  -.423418649699936E-10
     0.500000000000000E-01  0.423023541138200E+00  0.770307577364983E-04  0.236393455586546E+01  0.430462261244037E-03
     0.100000000000000E+00  0.423002390242348E+00  0.154091684796022E-03  0.236405252160994E+01  0.861179143201660E-03
     0.150000000000000E+00  0.422967129674964E+00  0.231212989792669E-03  0.236424920760978E+01  0.129240569669440E-02
     0.200000000000000E+00  0.422917745807858E+00  0.308424998049318E-03  0.236452472866168E+01  0.172439804679271E-02
     0.250000000000000E+00  0.422854219527992E+00  0.385758199188145E-03  0.236487924579812E+01  0.215741387226742E-02
     0.300000000000000E+00  0.422776526203745E+00  0.463243303026310E-03  0.236531296660596E+01  0.259171293444389E-02
     0.350000000000000E+00  0.422684635641284E+00  0.540911296451266E-03  0.236582614563862E+01  0.302755761555933E-02
     0.400000000000000E+00  0.422578512030876E+00  0.618793501535415E-03  0.236641908492346E+01  0.346521346914353E-02
     0.450000000000000E+00  0.422458113882874E+00  0.696921635159916E-03  0.236709213456665E+01  0.390494978504244E-02
     0.500000000000000E+00  0.422323393953140E+00  0.775327870429976E-03  0.236784569345822E+01  0.434704017182493E-02
     0.550000000000000E+00  0.422174299157563E+00  0.854044900178813E-03  0.236868021008047E+01  0.479176315945917E-02
     0.600000000000000E+00  0.422010770475266E+00  0.933106002875102E-03  0.236959618342343E+01  0.523940282531706E-02
     0.650000000000000E+00  0.421832742840136E+00  0.101254511126920E-02  0.237059416401138E+01  0.569024944676399E-02
     0.700000000000000E+00  0.421640145020118E+00  0.109239688413712E-02  0.237167475504542E+01  0.614460018382421E-02
     0.750000000000000E+00  0.421432899483772E+00  0.117269678150845E-02  0.237283861366724E+01  0.660275979567585E-02
     0.800000000000000E+00  0.421210922253453E+00  0.125348114379539E-02  0.237408645235014E+01  0.706504139503378E-02
     0.850000000000000E+00  0.420974122744443E+00  0.133478727527562E-02  0.237541904042396E+01  0.753176724482451E-02
     0.900000000000000E+00  0.420722403589248E+00  0.141665353242182E-02  0.237683720574134E+01  0.800326960194980E-02
     0.950000000000000E+00  0.420455660446238E+00  0.149911941761655E-02  0.237834183649357E+01  0.847989161338267E-02
     0.100000000000000E+01  0.420173781791667E+00  0.158222567884285E-02  0.237993388318513E+01  0.896198827034566E-02
     0.105000000000000E+01  0.419876648694061E+00  0.166601441599984E-02  0.238161436077696E+01  0.944992742689473E-02
     0.110000000000000E+01  0.419564134569785E+00  0.175052919455929E-02  0.238338435100977E+01  0.994409088988610E-02
     0.115000000000000E+01  0.419236104918563E+00  0.183581516735463E-02  0.238524500491965E+01  0.104448755880388E-01
     0.120000000000000E+01  0.418892417037528E+00  0.192191920538005E-02  0.238719754555946E+01  0.109526948286481E-01
     0.125000000000000E+01  0.418532919712246E+00  0.200889003857457E-02  0.238924327094134E+01  0.114679796514581E-01
     0.130000000000000E+01  0.418157452883024E+00  0.209677840767733E-02  0.239138355721671E+01  0.119911802902848E-01
     0.135000000000000E+01  0.417765847284608E+00  0.218563722836673E-02  0.239361986211226E+01  0.125227677542212E-01
     0.140000000000000E+01  0.417357924057167E+00  0.227552176904029E-02  0.239595372864223E+01  0.130632355416639E-01
     0.145000000000000E+01  0.416933494326280E+00  0.236648984375710E-02  0.239838678911944E+01  0.136131015020124E-01
     0.150000000000000E+01  0.416492358749336E+00  0.245860202205349E-02  0.240092076948999E+01  0.141729098617411E-01
     0.155000000000000E+01  0.416034307025553E+00  0.255192185755882E-02  0.240355749401919E+01  0.147432334336556E-01
     0.160000000000000E+01  0.415559117366432E+00  0.264651613758739E-02  0.240629889035941E+01  0.153246760305811E-01
     0.165000000000000E+01  0.415066555923181E+00  0.274245515616811E-02  0.240914699503374E+01  0.159178751075286E-01
     0.170000000000000E+01  0.414556376167222E+00  0.283981301330491E-02  0.241210395937339E+01  0.165235046596165E-01
     0.175000000000000E+01  0.414028318219457E+00  0.293866794364190E-02  0.241517205595087E+01  0.171422784067647E-01
     0.180000000000000E+01  0.413482108123481E+00  0.303910267815129E-02  0.241835368555584E+01  0.177749533005064E-01
     0.185000000000000E+01  0.412917457057371E+00  0.314120484297575E-02  0.242165138476621E+01  0.184223333933049E-01
     0.190000000000000E+01  0.412334060478035E+00  0.324506740015739E-02  0.242506783417279E+01  0.190852741166252E-01
     0.195000000000000E+01  0.411731597191408E+00  0.335078913568534E-02  0.242860586732333E+01  0.197646870208642E-01
     0.200000000000000E+01  0.411109728340935E+00  0.345847520111502E-02  0.243226848045946E+01  0.204615450382792E-01
     0.205000000000000E+01  0.410468096305917E+00  0.356823771597518E-02  0.243605884312891E+01  0.211768883394754E-01
     0.210000000000000E+01  0.409806323500126E+00  0.368019643931547E-02  0.243998030976641E+01  0.219118308651464E-01
     0.215000000000000E+01  0.409124011060043E+00  0.379447952008828E-02  0.244403643234745E+01  0.226675676278775E-01
     0.220000000000000E+01  0.408420737410538E+00  0.391122433765070E-02  0.244823097423363E+01  0.234453828944235E-01
     0.225000000000000E+01  0.407696056694353E+00  0.403057844556472E-02  0.245256792534287E+01  0.242466593773833E-01
     0.230000000000000E+01  0.406949497049861E+00  0.415270063413363E-02  0.245705151879608E+01  0.250728885873358E-01
     0.235000000000000E+01  0.406180558719522E+00  0.427776212981908E-02  0.246168624921204E+01  0.259256825229965E-01
     0.240000000000000E+01  0.405388711969073E+00  0.440594795293756E-02  0.246647689284544E+01  0.268067869088304E-01
     0.245000000000000E+01  0.404573394794686E+00  0.453745845896413E-02  0.247142852979055E+01  0.277180962280388E-01
     0.250000000000000E+01  0.403734010392209E+00  0.467251109353055E-02  0.247654656850358E+01  0.286616708454574E-01
     0.255000000000000E+01  0.402869924358875E+00  0.481134239699973E-02  0.248183677293295E+01  0.296397565716728E-01
     0.260000000000000E+01  0.401980461593660E+00  0.495421030157745E-02  0.248730529258812E+01  0.306548070890183E-01
     0.265000000000000E+01  0.401064902857602E+00  0.510139677261570E-02  0.249295869592537E+01  0.317095097452925E-01
     0.270000000000000E+01  0.400122480949712E+00  0.525321085648307E-02  0.249880400748395E+01  0.328068153260999E-01
     0.275000000000000E+01  0.399152376447647E+00  0.540999221066634E-02  0.250484874926983E+01  0.339499725469491E-01
     0.280000000000000E+01  0.398153712954912E+00  0.557211520831925E-02  0.251110098695644E+01  0.351425681684650E-01
     0.285000000000000E+01  0.397125551787793E+00  0.573999373020246E-02  0.251756938155555E+01  0.363885738412532E-01
     0.290000000000000E+01  0.396066886025644E+00  0.591408678305283E-02  0.252426324730525E+01  0.376924010427558E-01
     0.295000000000000E+01  0.394976633837325E+00  0.609490511645900E-02  0.253119261662783E+01  0.390589657923463E-01
     0.300000000000000E+01  0.393853630984643E+00  0.628301905239234E-02  0.253836831312710E+01  0.404937652434349E-01
     0.305000000000000E+01  0.392696622390825E+00  0.647906779544348E-02  0.254580203372033E+01  0.420029687798947E-01
     0.310000000000000E+01  0.391504252648795E+00  0.668377056129340E-02  0.255350644112895E+01  0.435935269254943E-01
     0.315000000000000E+01  0.390275055331264E+00  0.689793995108110E-02  0.256149526807727E+01  0.452733022590388E-01
     0.320000000000000E+01  0.389007440954313E+00  0.712249811700691E-02  0.256978343464859E+01  0.470512276821711E-01
     0.325000000000000E+01  0.387699683440983E+00  0.735849641915829E-02  0.257838718029730E+01  0.489374989038634E-01
     0.330000000000000E+01  0.386349904937196E+00  0.760713947809413E-02  0.258732421195803E+01  0.509438100123621E-01
     0.335000000000000E+01  0.384956058857405E+00  0.786981480001010E-02  0.259661386944326E+01  0.530836436769152E-01
     0.340000000000000E+01  0.383515911097376E+00  0.814812951594154E-02  0.260627730873042E+01  0.553726310995296E-01
     0.345000000000000E+01  0.382027019471176E+00  0.844395626743009E-02  0.261633770255993E+01  0.578290016549770E-01
     0.350000000000000E+01  0.380486711651416E+00  0.875949093506733E-02  0.262682045558153E+01  0.604741486735446E-01
     0.355000000000000E+01  0.378892062287340E+00  0.909732580676190E-02  0.263775342739454E+01  0.633333466582701E-01
     0.360000000000000E+01  0.377239870665249E+00  0.946054300361945E-02  0.264916715004292E+01  0.664366672127207E-01
     0.365000000000000E+01  0.375526641465355E+00  0.985283462959392E-02  0.266109501482640E+01  0.698201571329535E-01
     0.370000000000000E+01  0.373748573209246E+00  0.102786583087235E-01  0.267357338322974E+01  0.735273636860978E-01
     0.375000000000000E+01  0.371901562482591E+00  0.107434396272314E-01  0.268664154245088E+01  0.776113200994794E-01
     0.379999999999999E+01  0.369981237984049E+00  0.112538365038479E-01  0.270034136734656E+01  0.821371386783817E-01
     0.384999999999999E+01  0.367983048626945E+00  0.118180843116058E-01  0.271471645056544E+01  0.871853962148417E-01
     0.390000000000000E+01  0.365902447162260E+00  0.124464433521114E-01  0.272981029311818E+01  0.928565234772511E-01
     0.394999999999999E+01  0.363735239538860E+00  0.131517683664405E-01  0.274566286500575E+01  0.992763914177612E-01
     0.399999999999999E+01  0.361478216455177E+00  0.139502040483364E-01  0.276230439098973E+01  0.106603131651505E+00
     0.404999999999999E+01  0.359130252272724E+00  0.148619602823852E-01  0.277974454125676E+01  0.115034733793360E+00
     0.409999999999999E+01  0.356694140501444E+00  0.159119935549205E-01  0.279795438141480E+01  0.124815709115506E+00
     0.414999999999999E+01  0.354179480699164E+00  0.171301445462294E-01  0.281683799053147E+01  0.136238389208380E+00
     0.419999999999999E+01  0.351606759441069E+00  0.185497864585916E-01  0.283619235680204E+01  0.149629553930647E+00
     0.424999999999999E+01  0.349011977555054E+00  0.202034438761567E-01  0.285566195029257E+01  0.165307237723414E+00
     0.429999999999999E+01  0.346449333632403E+00  0.221139401150310E-01  0.287471251290638E+01  0.183493556451153E+00
     0.434999999999999E+01  0.343987327979749E+00  0.242821590460315E-01  0.289266969915072E+01  0.204194340864059E+00
     0.439999999999999E+01  0.341694896652749E+00  0.266779495084625E-01  0.290885577229535E+01  0.227109939834891E+00
     0.444999999999999E+01  0.339622371993338E+00  0.292433080819019E-01  0.292277692200513E+01  0.251666771783059E+00
     0.449999999999999E+01  0.337789965129412E+00  0.319081437612461E-01  0.293423737921231E+01  0.277172437877658E+00
     0.454999999999999E+01  0.336188886070754E+00  0.346070783383504E-01  0.294332927744800E+01  0.302984515849717E+00
     0.459999999999999E+01  0.334789368049265E+00  0.372926769843638E-01  0.295034463321552E+01  0.328643200470055E+00
     0.464999999999999E+01  0.333559602940787E+00  0.399418014090444E-01  0.295558583092128E+01  0.353914026954276E+00
     0.469999999999999E+01  0.332480333501100E+00  0.425361848264296E-01  0.295926068324344E+01  0.378595804589485E+00
     0.474999999999999E+01  0.331520161181572E+00  0.450489216153371E-01  0.296171969644306E+01  0.402456001397118E+00
     0.479999999999999E+01  0.330626139791710E+00  0.474846206065235E-01  0.296343803885042E+01  0.425609817343549E+00
     0.484999999999999E+01  0.329786467470158E+00  0.498891099954537E-01  0.296442503715764E+01  0.448449349321518E+00
     0.489999999999999E+01  0.329047497327717E+00  0.522631872489033E-01  0.296429315848284E+01  0.470823846589340E+00
     0.494999999999999E+01  0.328405691759019E+00  0.545315666475431E-01  0.296330867840003E+01  0.492055615199234E+00
     0.499999999999999E+01  0.327754694300685E+00  0.566707075389768E-01  0.296249430278895E+01  0.512232627445502E+00
