#                \hbar \omega(eV)     Re(chi) (e^2*a_0^2/eV) Im(chi) (e^2*a_0^2/eV)
     chi_1_1=  0.000000000000000E+00  -.262204363780621E+00  0.121345950044698E-10
     chi_1_1=  0.500000000000000E-01  -.262205998186192E+00  -.178213343912727E-04
     chi_1_1=  0.100000000000000E+00  -.262210901691911E+00  -.356458479876524E-04
     chi_1_1=  0.150000000000000E+00  -.262219075165000E+00  -.534766978619608E-04
     chi_1_1=  0.200000000000000E+00  -.262230520051475E+00  -.713170574982697E-04
     chi_1_1=  0.250000000000000E+00  -.262245238377107E+00  -.891701068038211E-04
     chi_1_1=  0.300000000000000E+00  -.262263232748789E+00  -.107039034265390E-03
     chi_1_1=  0.350000000000000E+00  -.262284506356279E+00  -.124927039118821E-03
     chi_1_1=  0.400000000000000E+00  -.262309062974342E+00  -.142837333535104E-03
     chi_1_1=  0.450000000000000E+00  -.262336906965292E+00  -.160773144826390E-03
     chi_1_1=  0.500000000000000E+00  -.262368043281932E+00  -.178737717675409E-03
     chi_1_1=  0.550000000000000E+00  -.262402477470898E+00  -.196734316391827E-03
     chi_1_1=  0.600000000000000E+00  -.262440215676421E+00  -.214766227199134E-03
     chi_1_1=  0.650000000000000E+00  -.262481264644494E+00  -.232836760555751E-03
     chi_1_1=  0.700000000000000E+00  -.262525631727473E+00  -.250949253514157E-03
     chi_1_1=  0.750000000000000E+00  -.262573324889103E+00  -.269107072121902E-03
     chi_1_1=  0.800000000000000E+00  -.262624352709981E+00  -.287313613868538E-03
     chi_1_1=  0.850000000000000E+00  -.262678724393464E+00  -.305572310182600E-03
     chi_1_1=  0.900000000000000E+00  -.262736449772045E+00  -.323886628982935E-03
     chi_1_1=  0.950000000000000E+00  -.262797539314172E+00  -.342260077288811E-03
     chi_1_1=  0.100000000000000E+01  -.262862004131570E+00  -.360696203893431E-03
     chi_1_1=  0.105000000000000E+01  -.262929855987030E+00  -.379198602105659E-03
     chi_1_1=  0.110000000000000E+01  -.263001107302710E+00  -.397770912564960E-03
     chi_1_1=  0.115000000000000E+01  -.263075771168951E+00  -.416416826134783E-03
     chi_1_1=  0.120000000000000E+01  -.263153861353616E+00  -.435140086879860E-03
     chi_1_1=  0.125000000000000E+01  -.263235392311980E+00  -.453944495133134E-03
     chi_1_1=  0.130000000000000E+01  -.263320379197174E+00  -.472833910658318E-03
     chi_1_1=  0.135000000000000E+01  -.263408837871214E+00  -.491812255914397E-03
     chi_1_1=  0.140000000000000E+01  -.263500784916627E+00  -.510883519428678E-03
     chi_1_1=  0.145000000000000E+01  -.263596237648685E+00  -.530051759285365E-03
     chi_1_1=  0.150000000000000E+01  -.263695214128291E+00  -.549321106737013E-03
     chi_1_1=  0.155000000000000E+01  -.263797733175520E+00  -.568695769946583E-03
     chi_1_1=  0.160000000000000E+01  -.263903814383836E+00  -.588180037868307E-03
     chi_1_1=  0.165000000000000E+01  -.264013478135035E+00  -.607778284275980E-03
     chi_1_1=  0.170000000000000E+01  -.264126745614915E+00  -.627494971947860E-03
     chi_1_1=  0.175000000000000E+01  -.264243638829716E+00  -.647334657017832E-03
     chi_1_1=  0.180000000000000E+01  -.264364180623351E+00  -.667301993503142E-03
     chi_1_1=  0.185000000000000E+01  -.264488394695473E+00  -.687401738019565E-03
     chi_1_1=  0.190000000000000E+01  -.264616305620398E+00  -.707638754695603E-03
     chi_1_1=  0.195000000000000E+01  -.264747938866931E+00  -.728018020298029E-03
     chi_1_1=  0.200000000000000E+01  -.264883320819127E+00  -.748544629581816E-03
     chi_1_1=  0.205000000000000E+01  -.265022478798035E+00  -.769223800878442E-03
     chi_1_1=  0.210000000000000E+01  -.265165441084456E+00  -.790060881937366E-03
     chi_1_1=  0.215000000000000E+01  -.265312236942775E+00  -.811061356036535E-03
     chi_1_1=  0.220000000000000E+01  -.265462896645909E+00  -.832230848378825E-03
     chi_1_1=  0.225000000000000E+01  -.265617451501422E+00  -.853575132792418E-03
     chi_1_1=  0.230000000000000E+01  -.265775933878863E+00  -.875100138754463E-03
     chi_1_1=  0.235000000000000E+01  -.265938377238391E+00  -.896811958758580E-03
     chi_1_1=  0.240000000000000E+01  -.266104816160743E+00  -.918716856048390E-03
     chi_1_1=  0.245000000000000E+01  -.266275286378609E+00  -.940821272740609E-03
     chi_1_1=  0.250000000000000E+01  -.266449824809498E+00  -.963131838363216E-03
     chi_1_1=  0.255000000000000E+01  -.266628469590155E+00  -.985655378835811E-03
     chi_1_1=  0.260000000000000E+01  -.266811260112613E+00  -.100839892592144E-02
     chi_1_1=  0.265000000000000E+01  -.266998237061978E+00  -.103136972718133E-02
     chi_1_1=  0.270000000000000E+01  -.267189442456014E+00  -.105457525646626E-02
     chi_1_1=  0.275000000000000E+01  -.267384919686652E+00  -.107802322498104E-02
     chi_1_1=  0.280000000000000E+01  -.267584713563504E+00  -.110172159296117E-02
     chi_1_1=  0.285000000000000E+01  -.267788870359498E+00  -.112567858200402E-02
     chi_1_1=  0.290000000000000E+01  -.267997437858772E+00  -.114990268810005E-02
     chi_1_1=  0.295000000000000E+01  -.268210465406915E+00  -.117440269541340E-02
     chi_1_1=  0.300000000000000E+01  -.268428003963728E+00  -.119918769086489E-02
     chi_1_1=  0.305000000000000E+01  -.268650106158625E+00  -.122426707957520E-02
     chi_1_1=  0.310000000000000E+01  -.268876826348833E+00  -.124965060123039E-02
     chi_1_1=  0.315000000000000E+01  -.269108220680570E+00  -.127534834743737E-02
     chi_1_1=  0.320000000000000E+01  -.269344347153357E+00  -.130137078014261E-02
     chi_1_1=  0.325000000000000E+01  -.269585265687671E+00  -.132772875119355E-02
     chi_1_1=  0.330000000000000E+01  -.269831038196136E+00  -.135443352312917E-02
     chi_1_1=  0.335000000000000E+01  -.270081728658477E+00  -.138149679129378E-02
     chi_1_1=  0.340000000000000E+01  -.270337403200459E+00  -.140893070737628E-02
     chi_1_1=  0.345000000000000E+01  -.270598130177094E+00  -.143674790448657E-02
     chi_1_1=  0.350000000000000E+01  -.270863980260352E+00  -.146496152389064E-02
     chi_1_1=  0.355000000000000E+01  -.271135026531701E+00  -.149358524353745E-02
     chi_1_1=  0.360000000000000E+01  -.271411344579784E+00  -.152263330852268E-02
     chi_1_1=  0.365000000000000E+01  -.271693012603572E+00  -.155212056364854E-02
     chi_1_1=  0.370000000000000E+01  -.271980111521368E+00  -.158206248825366E-02
     chi_1_1=  0.375000000000000E+01  -.272272725086068E+00  -.161247523350443E-02
     chi_1_1=  0.379999999999999E+01  -.272570940007104E+00  -.164337566235722E-02
     chi_1_1=  0.384999999999999E+01  -.272874846079545E+00  -.167478139242262E-02
     chi_1_1=  0.390000000000000E+01  -.273184536320871E+00  -.170671084198525E-02
     chi_1_1=  0.394999999999999E+01  -.273500107115963E+00  -.173918327945921E-02
     chi_1_1=  0.399999999999999E+01  -.273821658370921E+00  -.177221887658794E-02
     chi_1_1=  0.404999999999999E+01  -.274149293676356E+00  -.180583876572966E-02
     chi_1_1=  0.409999999999999E+01  -.274483120480882E+00  -.184006510160604E-02
     chi_1_1=  0.414999999999999E+01  -.274823250275568E+00  -.187492112793215E-02
     chi_1_1=  0.419999999999999E+01  -.275169798790209E+00  -.191043124939197E-02
     chi_1_1=  0.424999999999999E+01  -.275522886202349E+00  -.194662110947492E-02
     chi_1_1=  0.429999999999999E+01  -.275882637360042E+00  -.198351767474703E-02
     chi_1_1=  0.434999999999999E+01  -.276249182019494E+00  -.202114932619619E-02
     chi_1_1=  0.439999999999999E+01  -.276622655098780E+00  -.205954595836493E-02
     chi_1_1=  0.444999999999999E+01  -.277003196948970E+00  -.209873908706828E-02
     chi_1_1=  0.449999999999999E+01  -.277390953644143E+00  -.213876196659013E-02
     chi_1_1=  0.454999999999999E+01  -.277786077291893E+00  -.217964971735951E-02
     chi_1_1=  0.459999999999999E+01  -.278188726366102E+00  -.222143946523269E-02
     chi_1_1=  0.464999999999999E+01  -.278599066063948E+00  -.226417049364789E-02
     chi_1_1=  0.469999999999999E+01  -.279017268689313E+00  -.230788441008131E-02
     chi_1_1=  0.474999999999999E+01  -.279443514064978E+00  -.235262532841864E-02
     chi_1_1=  0.479999999999999E+01  -.279877989976268E+00  -.239844006906928E-02
     chi_1_1=  0.484999999999999E+01  -.280320892649095E+00  -.244537837889603E-02
     chi_1_1=  0.489999999999999E+01  -.280772427265656E+00  -.249349317331593E-02
     chi_1_1=  0.494999999999999E+01  -.281232808521450E+00  -.254284080325608E-02
     chi_1_1=  0.499999999999999E+01  -.281702261227641E+00  -.259348135002796E-02
