#                \hbar \omega(eV)     Re(chi) (e^2*a_0^2/eV) Im(chi) (e^2*a_0^2/eV)
     chi_1_1=  0.000000000000000E+00  -.195168841423716E+00  0.145096937197147E-12
     chi_1_1=  0.500000000000000E-01  -.195169471143793E+00  -.686166846364021E-05
     chi_1_1=  0.100000000000000E+00  -.195171360372387E+00  -.137240843903808E-04
     chi_1_1=  0.150000000000000E+00  -.195174509314623E+00  -.205879952733754E-04
     chi_1_1=  0.200000000000000E+00  -.195178918312472E+00  -.274541493916601E-04
     chi_1_1=  0.250000000000000E+00  -.195184587844899E+00  -.343232959862493E-04
     chi_1_1=  0.300000000000000E+00  -.195191518528063E+00  -.411961855822913E-04
     chi_1_1=  0.350000000000000E+00  -.195199711115587E+00  -.480735703125094E-04
     chi_1_1=  0.400000000000000E+00  -.195209166498872E+00  -.549562042422539E-04
     chi_1_1=  0.450000000000000E+00  -.195219885707484E+00  -.618448436964945E-04
     chi_1_1=  0.500000000000000E+00  -.195231869909593E+00  -.687402475890860E-04
     chi_1_1=  0.550000000000000E+00  -.195245120412474E+00  -.756431777546410E-04
     chi_1_1=  0.600000000000000E+00  -.195259638663069E+00  -.825543992833542E-04
     chi_1_1=  0.650000000000000E+00  -.195275426248609E+00  -.894746808591227E-04
     chi_1_1=  0.700000000000000E+00  -.195292484897302E+00  -.964047951013163E-04
     chi_1_1=  0.750000000000000E+00  -.195310816479076E+00  -.103345518910554E-03
     chi_1_1=  0.800000000000000E+00  -.195330423006390E+00  -.110297633818862E-03
     chi_1_1=  0.850000000000000E+00  -.195351306635112E+00  -.117261926344576E-03
     chi_1_1=  0.900000000000000E+00  -.195373469665454E+00  -.124239188352382E-03
     chi_1_1=  0.950000000000000E+00  -.195396914542982E+00  -.131230217418887E-03
     chi_1_1=  0.100000000000000E+01  -.195421643859685E+00  -.138235817204118E-03
     chi_1_1=  0.105000000000000E+01  -.195447660355118E+00  -.145256797829375E-03
     chi_1_1=  0.110000000000000E+01  -.195474966917605E+00  -.152293976261855E-03
     chi_1_1=  0.115000000000000E+01  -.195503566585532E+00  -.159348176706497E-03
     chi_1_1=  0.120000000000000E+01  -.195533462548685E+00  -.166420231005492E-03
     chi_1_1=  0.125000000000000E+01  -.195564658149688E+00  -.173510979045946E-03
     chi_1_1=  0.130000000000000E+01  -.195597156885493E+00  -.180621269176155E-03
     chi_1_1=  0.135000000000000E+01  -.195630962408961E+00  -.187751958631023E-03
     chi_1_1=  0.140000000000000E+01  -.195666078530518E+00  -.194903913967126E-03
     chi_1_1=  0.145000000000000E+01  -.195702509219887E+00  -.202078011507960E-03
     chi_1_1=  0.150000000000000E+01  -.195740258607906E+00  -.209275137799963E-03
     chi_1_1=  0.155000000000000E+01  -.195779330988425E+00  -.216496190079847E-03
     chi_1_1=  0.160000000000000E+01  -.195819730820297E+00  -.223742076753890E-03
     chi_1_1=  0.165000000000000E+01  -.195861462729446E+00  -.231013717889801E-03
     chi_1_1=  0.170000000000000E+01  -.195904531511036E+00  -.238312045721814E-03
     chi_1_1=  0.175000000000000E+01  -.195948942131724E+00  -.245638005169698E-03
     chi_1_1=  0.180000000000000E+01  -.195994699732018E+00  -.252992554372409E-03
     chi_1_1=  0.185000000000000E+01  -.196041809628720E+00  -.260376665237120E-03
     chi_1_1=  0.190000000000000E+01  -.196090277317482E+00  -.267791324004415E-03
     chi_1_1=  0.195000000000000E+01  -.196140108475463E+00  -.275237531830466E-03
     chi_1_1=  0.200000000000000E+01  -.196191308964087E+00  -.282716305387045E-03
     chi_1_1=  0.205000000000000E+01  -.196243884831916E+00  -.290228677480266E-03
     chi_1_1=  0.210000000000000E+01  -.196297842317639E+00  -.297775697688998E-03
     chi_1_1=  0.215000000000000E+01  -.196353187853175E+00  -.305358433023931E-03
     chi_1_1=  0.220000000000000E+01  -.196409928066894E+00  -.312977968608323E-03
     chi_1_1=  0.225000000000000E+01  -.196468069786972E+00  -.320635408381525E-03
     chi_1_1=  0.230000000000000E+01  -.196527620044867E+00  -.328331875826396E-03
     chi_1_1=  0.235000000000000E+01  -.196588586078932E+00  -.336068514721835E-03
     chi_1_1=  0.240000000000000E+01  -.196650975338169E+00  -.343846489921656E-03
     chi_1_1=  0.245000000000000E+01  -.196714795486120E+00  -.351666988161155E-03
     chi_1_1=  0.250000000000000E+01  -.196780054404912E+00  -.359531218892746E-03
     chi_1_1=  0.255000000000000E+01  -.196846760199450E+00  -.367440415152125E-03
     chi_1_1=  0.260000000000000E+01  -.196914921201778E+00  -.375395834456535E-03
     chi_1_1=  0.265000000000000E+01  -.196984545975593E+00  -.383398759736726E-03
     chi_1_1=  0.270000000000000E+01  -.197055643320943E+00  -.391450500304359E-03
     chi_1_1=  0.275000000000000E+01  -.197128222279091E+00  -.399552392856642E-03
     chi_1_1=  0.280000000000000E+01  -.197202292137571E+00  -.407705802520129E-03
     chi_1_1=  0.285000000000000E+01  -.197277862435437E+00  -.415912123935694E-03
     chi_1_1=  0.290000000000000E+01  -.197354942968703E+00  -.424172782386841E-03
     chi_1_1=  0.295000000000000E+01  -.197433543795998E+00  -.432489234973563E-03
     chi_1_1=  0.300000000000000E+01  -.197513675244433E+00  -.440862971834210E-03
     chi_1_1=  0.305000000000000E+01  -.197595347915696E+00  -.449295517417833E-03
     chi_1_1=  0.310000000000000E+01  -.197678572692371E+00  -.457788431809730E-03
     chi_1_1=  0.315000000000000E+01  -.197763360744517E+00  -.466343312113028E-03
     chi_1_1=  0.320000000000000E+01  -.197849723536480E+00  -.474961793889300E-03
     chi_1_1=  0.325000000000000E+01  -.197937672833990E+00  -.483645552661432E-03
     chi_1_1=  0.330000000000000E+01  -.198027220711515E+00  -.492396305482138E-03
     chi_1_1=  0.335000000000000E+01  -.198118379559918E+00  -.501215812571701E-03
     chi_1_1=  0.340000000000000E+01  -.198211162094405E+00  -.510105879028808E-03
     chi_1_1=  0.345000000000000E+01  -.198305581362789E+00  -.519068356618514E-03
     chi_1_1=  0.350000000000000E+01  -.198401650754083E+00  -.528105145641703E-03
     chi_1_1=  0.355000000000000E+01  -.198499384007438E+00  -.537218196890620E-03
     chi_1_1=  0.360000000000000E+01  -.198598795221429E+00  -.546409513695409E-03
     chi_1_1=  0.365000000000000E+01  -.198699898863730E+00  -.555681154066880E-03
     chi_1_1=  0.370000000000000E+01  -.198802709781173E+00  -.565035232941075E-03
     chi_1_1=  0.375000000000000E+01  -.198907243210217E+00  -.574473924531585E-03
     chi_1_1=  0.379999999999999E+01  -.199013514787853E+00  -.583999464795969E-03
     chi_1_1=  0.384999999999999E+01  -.199121540562956E+00  -.593614154023058E-03
     chi_1_1=  0.390000000000000E+01  -.199231337008114E+00  -.603320359548359E-03
     chi_1_1=  0.394999999999999E+01  -.199342921031948E+00  -.613120518605367E-03
     chi_1_1=  0.399999999999999E+01  -.199456309991961E+00  -.623017141320992E-03
     chi_1_1=  0.404999999999999E+01  -.199571521707927E+00  -.633012813864053E-03
     chi_1_1=  0.409999999999999E+01  -.199688574475858E+00  -.643110201756271E-03
     chi_1_1=  0.414999999999999E+01  -.199807487082583E+00  -.653312053356019E-03
     chi_1_1=  0.419999999999999E+01  -.199928278820947E+00  -.663621203525695E-03
     chi_1_1=  0.424999999999999E+01  -.200050969505696E+00  -.674040577494493E-03
     chi_1_1=  0.429999999999999E+01  -.200175579490055E+00  -.684573194929157E-03
     chi_1_1=  0.434999999999999E+01  -.200302129683056E+00  -.695222174226245E-03
     chi_1_1=  0.439999999999999E+01  -.200430641567643E+00  -.705990737040494E-03
     chi_1_1=  0.444999999999999E+01  -.200561137219603E+00  -.716882213064971E-03
     chi_1_1=  0.449999999999999E+01  -.200693639327374E+00  -.727900045079853E-03
     chi_1_1=  0.454999999999999E+01  -.200828171212761E+00  -.739047794288104E-03
     chi_1_1=  0.459999999999999E+01  -.200964756852632E+00  -.750329145957647E-03
     chi_1_1=  0.464999999999999E+01  -.201103420901634E+00  -.761747915391249E-03
     chi_1_1=  0.469999999999999E+01  -.201244188716001E+00  -.773308054247034E-03
     chi_1_1=  0.474999999999999E+01  -.201387086378500E+00  -.785013657234392E-03
     chi_1_1=  0.479999999999999E+01  -.201532140724599E+00  -.796868969212102E-03
     chi_1_1=  0.484999999999999E+01  -.201679379369929E+00  -.808878392717697E-03
     chi_1_1=  0.489999999999999E+01  -.201828830739092E+00  -.821046495959562E-03
     chi_1_1=  0.494999999999999E+01  -.201980524095940E+00  -.833378021305935E-03
     chi_1_1=  0.499999999999999E+01  -.202134489575374E+00  -.845877894307867E-03
