#        \hbar \omega(eV)           Re(1/eps)            -Im(1/eps)               Re(eps)                Im(eps)
     0.000000000000000E+00  0.601423587203673E+00  -.373341993909098E-13  0.166272161796898E+01  -.103215739684330E-12
     0.500000000000000E-01  0.601422043565916E+00  0.168183173517940E-04  0.166272588428728E+01  0.464968849914143E-04
     0.100000000000000E+00  0.601417412500914E+00  0.336382918227788E-04  0.166273868379248E+01  0.929997833582004E-04
     0.150000000000000E+00  0.601409693553426E+00  0.504615810156833E-04  0.166276001813568E+01  0.139514710627688E-03
     0.200000000000000E+00  0.601398885964545E+00  0.672898436874905E-04  0.166278989006946E+01  0.186047687149374E-03
     0.250000000000000E+00  0.601384988671446E+00  0.841247402715986E-04  0.166282830344892E+01  0.232604740355976E-03
     0.300000000000000E+00  0.601368000307029E+00  0.100967933438556E-03  0.166287526323319E+01  0.279191907133453E-03
     0.350000000000000E+00  0.601347919199459E+00  0.117821088658460E-03  0.166293077548740E+01  0.325815236198724E-03
     0.400000000000000E+00  0.601324743371601E+00  0.134685874765429E-03  0.166299484738503E+01  0.372480790487013E-03
     0.450000000000000E+00  0.601298470540362E+00  0.151563964524576E-03  0.166306748721070E+01  0.419194649550765E-03
     0.500000000000000E+00  0.601269098115912E+00  0.168457035201910E-03  0.166314870436347E+01  0.465962911972166E-03
     0.550000000000000E+00  0.601236623200821E+00  0.185366769137588E-03  0.166323850936047E+01  0.512791697791152E-03
     0.600000000000000E+00  0.601201042589076E+00  0.202294854322948E-03  0.166333691384111E+01  0.559687150951030E-03
     0.650000000000000E+00  0.601162352764996E+00  0.219242984981784E-03  0.166344393057156E+01  0.606655441763675E-03
     0.700000000000000E+00  0.601120549902045E+00  0.236212862156269E-03  0.166355957344987E+01  0.653702769396405E-03
     0.750000000000000E+00  0.601075629861532E+00  0.253206194298015E-03  0.166368385751143E+01  0.700835364382604E-03
     0.800000000000000E+00  0.601027588191209E+00  0.270224697864694E-03  0.166381679893488E+01  0.748059491158241E-03
     0.850000000000000E+00  0.600976420123752E+00  0.287270097922713E-03  0.166395841504859E+01  0.795381450626467E-03
     0.900000000000000E+00  0.600922120575138E+00  0.304344128756394E-03  0.166410872433747E+01  0.842807582752438E-03
     0.950000000000000E+00  0.600864684142909E+00  0.321448534484150E-03  0.166426774645038E+01  0.890344269190692E-03
     0.100000000000000E+01  0.600804105104317E+00  0.338585069682145E-03  0.166443550220795E+01  0.937997935947301E-03
     0.105000000000000E+01  0.600740377414366E+00  0.355755500015946E-03  0.166461201361090E+01  0.985775056079221E-03
     0.110000000000000E+01  0.600673494703726E+00  0.372961602880669E-03  0.166479730384888E+01  0.103368215243316E-02
     0.115000000000000E+01  0.600603450276539E+00  0.390205168050144E-03  0.166499139730977E+01  0.108172580042649E-02
     0.120000000000000E+01  0.600530237108099E+00  0.407487998335645E-03  0.166519431958953E+01  0.112991263087271E-02
     0.125000000000000E+01  0.600453847842419E+00  0.424811910254728E-03  0.166540609750258E+01  0.117824933285399E-02
     0.130000000000000E+01  0.600374274789661E+00  0.442178734710723E-03  0.166562675909262E+01  0.122674265664352E-02
     0.135000000000000E+01  0.600291509923461E+00  0.459590317683507E-03  0.166585633364410E+01  0.127539941668039E-02
     0.140000000000000E+01  0.600205544878110E+00  0.477048520932087E-03  0.166609485169416E+01  0.132422649459974E-02
     0.145000000000000E+01  0.600116370945612E+00  0.494555222709659E-03  0.166634234504518E+01  0.137323084232115E-02
     0.150000000000000E+01  0.600023979072616E+00  0.512112318491742E-03  0.166659884677782E+01  0.142241948519821E-02
     0.155000000000000E+01  0.599928359857205E+00  0.529721721718045E-03  0.166686439126472E+01  0.147179952523234E-02
     0.160000000000000E+01  0.599829503545553E+00  0.547385364548730E-03  0.166713901418477E+01  0.152137814435404E-02
     0.165000000000000E+01  0.599727400028440E+00  0.565105198635765E-03  0.166742275253794E+01  0.157116260777490E-02
     0.170000000000000E+01  0.599622038837639E+00  0.582883195910067E-03  0.166771564466078E+01  0.162116026741356E-02
     0.175000000000000E+01  0.599513409142131E+00  0.600721349385183E-03  0.166801773024252E+01  0.167137856539943E-02
     0.180000000000000E+01  0.599401499744203E+00  0.618621673978248E-03  0.166832905034183E+01  0.172182503765746E-02
     0.185000000000000E+01  0.599286299075368E+00  0.636586207349034E-03  0.166864964740421E+01  0.177250731757804E-02
     0.190000000000000E+01  0.599167795192150E+00  0.654617010757855E-03  0.166897956528013E+01  0.182343313977556E-02
     0.195000000000000E+01  0.599045975771702E+00  0.672716169943217E-03  0.166931884924374E+01  0.187461034394000E-02
     0.200000000000000E+01  0.598920828107263E+00  0.690885796020054E-03  0.166966754601240E+01  0.192604687878551E-02
     0.205000000000000E+01  0.598792339103456E+00  0.709128026399446E-03  0.167002570376689E+01  0.197775080610033E-02
     0.210000000000000E+01  0.598660495271402E+00  0.727445025730792E-03  0.167039337217238E+01  0.202973030490280E-02
     0.215000000000000E+01  0.598525282723680E+00  0.745838986867349E-03  0.167077060240012E+01  0.208199367570769E-02
     0.220000000000000E+01  0.598386687169093E+00  0.764312131856207E-03  0.167115744714999E+01  0.213454934490821E-02
     0.225000000000000E+01  0.598244693907262E+00  0.782866712953687E-03  0.167155396067378E+01  0.218740586927839E-02
     0.230000000000000E+01  0.598099287823026E+00  0.801505013667311E-03  0.167196019879938E+01  0.224057194060131E-02
     0.235000000000000E+01  0.597950453380659E+00  0.820229349825402E-03  0.167237621895574E+01  0.229405639042852E-02
     0.240000000000000E+01  0.597798174617875E+00  0.839042070675564E-03  0.167280208019877E+01  0.234786819497658E-02
     0.245000000000000E+01  0.597642435139647E+00  0.857945560013202E-03  0.167323784323809E+01  0.240201648016636E-02
     0.250000000000000E+01  0.597483218111812E+00  0.876942237341390E-03  0.167368357046478E+01  0.245651052681155E-02
     0.255000000000000E+01  0.597320506254454E+00  0.896034559063405E-03  0.167413932597998E+01  0.251135977596280E-02
     0.260000000000000E+01  0.597154281835085E+00  0.915225019709307E-03  0.167460517562458E+01  0.256657383441417E-02
     0.265000000000000E+01  0.596984526661578E+00  0.934516153198006E-03  0.167508118700988E+01  0.262216248037902E-02
     0.270000000000000E+01  0.596811222074891E+00  0.953910534136302E-03  0.167556742954925E+01  0.267813566934260E-02
     0.275000000000000E+01  0.596634348941535E+00  0.973410779156510E-03  0.167606397449097E+01  0.273450354009920E-02
     0.280000000000000E+01  0.596453887645797E+00  0.993019548294229E-03  0.167657089495206E+01  0.279127642098164E-02
     0.285000000000000E+01  0.596269818081721E+00  0.101273954640804E-02  0.167708826595339E+01  0.284846483629178E-02
     0.290000000000000E+01  0.596082119644811E+00  0.103257352464288E-02  0.167761616445584E+01  0.290607951294066E-02
     0.295000000000000E+01  0.595890771223479E+00  0.105252428193890E-02  0.167815466939780E+01  0.296413138730742E-02
     0.300000000000000E+01  0.595695751190205E+00  0.107259466658792E-02  0.167870386173387E+01  0.302263161232682E-02
     0.305000000000000E+01  0.595497037392419E+00  0.109278757783924E-02  0.167926382447482E+01  0.308159156481517E-02
     0.310000000000000E+01  0.595294607143074E+00  0.111310596755727E-02  0.167983464272905E+01  0.314102285304551E-02
     0.315000000000000E+01  0.595088437210932E+00  0.113355284193292E-02  0.168041640374529E+01  0.320093732458288E-02
     0.320000000000000E+01  0.594878503810514E+00  0.115413126325121E-02  0.168100919695681E+01  0.326134707439126E-02
     0.325000000000000E+01  0.594664782591747E+00  0.117484435171759E-02  0.168161311402713E+01  0.332226445322443E-02
     0.330000000000000E+01  0.594447248629253E+00  0.119569528734539E-02  0.168222824889725E+01  0.338370207631362E-02
     0.335000000000000E+01  0.594225876411302E+00  0.121668731190718E-02  0.168285469783450E+01  0.344567283236488E-02
     0.340000000000000E+01  0.594000639828411E+00  0.123782373095286E-02  0.168349255948305E+01  0.350818989288066E-02
     0.345000000000000E+01  0.593771512161552E+00  0.125910791589731E-02  0.168414193491608E+01  0.357126672182027E-02
     0.350000000000000E+01  0.593538466069998E+00  0.128054330618087E-02  0.168480292768982E+01  0.363491708561429E-02
     0.355000000000000E+01  0.593301473578756E+00  0.130213341150568E-02  0.168547564389937E+01  0.369915506354981E-02
     0.360000000000000E+01  0.593060506065592E+00  0.132388181415148E-02  0.168616019223643E+01  0.376399505854312E-02
     0.365000000000000E+01  0.592815534247635E+00  0.134579217137435E-02  0.168685668404906E+01  0.382945180831818E-02
     0.370000000000000E+01  0.592566528167530E+00  0.136786821789213E-02  0.168756523340343E+01  0.389554039700949E-02
     0.375000000000000E+01  0.592313457179141E+00  0.139011376846053E-02  0.168828595714780E+01  0.396227626720949E-02
     0.379999999999999E+01  0.592056289932776E+00  0.141253272054402E-02  0.168901897497858E+01  0.402967523248145E-02
     0.384999999999999E+01  0.591794994359923E+00  0.143512905708591E-02  0.168976440950886E+01  0.409775349035971E-02
     0.390000000000000E+01  0.591529537657473E+00  0.145790684938223E-02  0.169052238633918E+01  0.416652763586088E-02
     0.394999999999999E+01  0.591259886271417E+00  0.148087026006416E-02  0.169129303413085E+01  0.423601467553021E-02
     0.399999999999999E+01  0.590986005879991E+00  0.150402354619419E-02  0.169207648468190E+01  0.430623204204916E-02
     0.404999999999999E+01  0.590707861376255E+00  0.152737106248135E-02  0.169287287300564E+01  0.437719760943139E-02
     0.409999999999999E+01  0.590425416850078E+00  0.155091726462112E-02  0.169368233741202E+01  0.444892970883594E-02
     0.414999999999999E+01  0.590138635569507E+00  0.157466671276605E-02  0.169450501959197E+01  0.452144714502800E-02
     0.419999999999999E+01  0.589847479961506E+00  0.159862407513333E-02  0.169534106470469E+01  0.459476921351933E-02
     0.424999999999999E+01  0.589551911592017E+00  0.162279413175589E-02  0.169619062146810E+01  0.466891571842217E-02
     0.429999999999999E+01  0.589251891145345E+00  0.164718177838419E-02  0.169705384225265E+01  0.474390699105270E-02
     0.434999999999999E+01  0.588947378402818E+00  0.167179203054589E-02  0.169793088317841E+01  0.481976390932151E-02
     0.439999999999999E+01  0.588638332220703E+00  0.169663002777138E-02  0.169882190421588E+01  0.489650791795147E-02
     0.444999999999999E+01  0.588324710507342E+00  0.172170103799325E-02  0.169972706929038E+01  0.497416104956544E-02
     0.449999999999999E+01  0.588006470199489E+00  0.174701046212862E-02  0.170064654639040E+01  0.505274594668823E-02
     0.454999999999999E+01  0.587683567237788E+00  0.177256383885333E-02  0.170158050767993E+01  0.513228588471105E-02
     0.459999999999999E+01  0.587355956541393E+00  0.179836684957800E-02  0.170252912961510E+01  0.521280479586811E-02
     0.464999999999999E+01  0.587023591981659E+00  0.182442532363606E-02  0.170349259306508E+01  0.529432729427931E-02
     0.469999999999999E+01  0.586686426354886E+00  0.185074524369483E-02  0.170447108343772E+01  0.537687870211531E-02
     0.474999999999999E+01  0.586344411354068E+00  0.187733275140123E-02  0.170546479080991E+01  0.546048507694518E-02
     0.479999999999999E+01  0.585997497539612E+00  0.190419415327441E-02  0.170647391006297E+01  0.554517324033038E-02
     0.484999999999999E+01  0.585645634308958E+00  0.193133592685827E-02  0.170749864102330E+01  0.563097080773294E-02
     0.489999999999999E+01  0.585288769865091E+00  0.195876472714782E-02  0.170853918860852E+01  0.571790621980927E-02
     0.494999999999999E+01  0.584926851183858E+00  0.198648739330394E-02  0.170959576297933E+01  0.580600877516697E-02
     0.499999999999999E+01  0.584559823980057E+00  0.201451095567233E-02  0.171066857969737E+01  0.589530866466517E-02
