#                \hbar \omega(eV)     Re(chi) (e^2*a_0^2/eV) Im(chi) (e^2*a_0^2/eV)
     chi_1_1=  0.000000000000000E+00  -.130535817319332E+00  0.196899569722853E-10
     chi_1_1=  0.500000000000000E-01  -.130536136714487E+00  -.347900703803543E-05
     chi_1_1=  0.100000000000000E+00  -.130537094923432E+00  -.695829003598437E-05
     chi_1_1=  0.150000000000000E+00  -.130538692016609E+00  -.104380856459322E-04
     chi_1_1=  0.200000000000000E+00  -.130540928111441E+00  -.139186503544708E-04
     chi_1_1=  0.250000000000000E+00  -.130543803372368E+00  -.174002408651378E-04
     chi_1_1=  0.300000000000000E+00  -.130547318010892E+00  -.208831141709577E-04
     chi_1_1=  0.350000000000000E+00  -.130551472285635E+00  -.243675276271774E-04
     chi_1_1=  0.400000000000000E+00  -.130556266502415E+00  -.278537390242452E-04
     chi_1_1=  0.450000000000000E+00  -.130561701014329E+00  -.313420066610821E-04
     chi_1_1=  0.500000000000000E+00  -.130567776221855E+00  -.348325894186954E-04
     chi_1_1=  0.550000000000000E+00  -.130574492572962E+00  -.383257468341847E-04
     chi_1_1=  0.600000000000000E+00  -.130581850563242E+00  -.418217391751907E-04
     chi_1_1=  0.650000000000000E+00  -.130589850736041E+00  -.453208275148390E-04
     chi_1_1=  0.700000000000000E+00  -.130598493682624E+00  -.488232738072282E-04
     chi_1_1=  0.750000000000000E+00  -.130607780042333E+00  -.523293409635186E-04
     chi_1_1=  0.800000000000000E+00  -.130617710502776E+00  -.558392929286704E-04
     chi_1_1=  0.850000000000000E+00  -.130628285800016E+00  -.593533947588900E-04
     chi_1_1=  0.900000000000000E+00  -.130639506718788E+00  -.628719126998356E-04
     chi_1_1=  0.950000000000000E+00  -.130651374092718E+00  -.663951142656401E-04
     chi_1_1=  0.100000000000000E+01  -.130663888804563E+00  -.699232683188081E-04
     chi_1_1=  0.105000000000000E+01  -.130677051786466E+00  -.734566451510451E-04
     chi_1_1=  0.110000000000000E+01  -.130690864020223E+00  -.769955165650780E-04
     chi_1_1=  0.115000000000000E+01  -.130705326537565E+00  -.805401559575279E-04
     chi_1_1=  0.120000000000000E+01  -.130720440420459E+00  -.840908384028971E-04
     chi_1_1=  0.125000000000000E+01  -.130736206801423E+00  -.876478407387355E-04
     chi_1_1=  0.130000000000000E+01  -.130752626863849E+00  -.912114416520469E-04
     chi_1_1=  0.135000000000000E+01  -.130769701842357E+00  -.947819217670093E-04
     chi_1_1=  0.140000000000000E+01  -.130787433023149E+00  -.983595637340710E-04
     chi_1_1=  0.145000000000000E+01  -.130805821744391E+00  -.101944652320496E-03
     chi_1_1=  0.150000000000000E+01  -.130824869396609E+00  -.105537474502432E-03
     chi_1_1=  0.155000000000000E+01  -.130844577423097E+00  -.109138319558574E-03
     chi_1_1=  0.160000000000000E+01  -.130864947320346E+00  -.112747479165500E-03
     chi_1_1=  0.165000000000000E+01  -.130885980638491E+00  -.116365247494760E-03
     chi_1_1=  0.170000000000000E+01  -.130907678981779E+00  -.119991921311794E-03
     chi_1_1=  0.175000000000000E+01  -.130930044009043E+00  -.123627800076776E-03
     chi_1_1=  0.180000000000000E+01  -.130953077434210E+00  -.127273186047454E-03
     chi_1_1=  0.185000000000000E+01  -.130976781026817E+00  -.130928384384088E-03
     chi_1_1=  0.190000000000000E+01  -.131001156612554E+00  -.134593703256574E-03
     chi_1_1=  0.195000000000000E+01  -.131026206073815E+00  -.138269453953852E-03
     chi_1_1=  0.200000000000000E+01  -.131051931350288E+00  -.141955950995696E-03
     chi_1_1=  0.205000000000000E+01  -.131078334439543E+00  -.145653512246984E-03
     chi_1_1=  0.210000000000000E+01  -.131105417397662E+00  -.149362459034568E-03
     chi_1_1=  0.215000000000000E+01  -.131133182339876E+00  -.153083116266840E-03
     chi_1_1=  0.220000000000000E+01  -.131161631441228E+00  -.156815812556116E-03
     chi_1_1=  0.225000000000000E+01  -.131190766937265E+00  -.160560880343957E-03
     chi_1_1=  0.230000000000000E+01  -.131220591124742E+00  -.164318656029544E-03
     chi_1_1=  0.235000000000000E+01  -.131251106362359E+00  -.168089480101247E-03
     chi_1_1=  0.240000000000000E+01  -.131282315071516E+00  -.171873697271508E-03
     chi_1_1=  0.245000000000000E+01  -.131314219737099E+00  -.175671656615190E-03
     chi_1_1=  0.250000000000000E+01  -.131346822908283E+00  -.179483711711517E-03
     chi_1_1=  0.255000000000000E+01  -.131380127199371E+00  -.183310220789782E-03
     chi_1_1=  0.260000000000000E+01  -.131414135290649E+00  -.187151546878953E-03
     chi_1_1=  0.265000000000000E+01  -.131448849929280E+00  -.191008057961354E-03
     chi_1_1=  0.270000000000000E+01  -.131484273930220E+00  -.194880127130590E-03
     chi_1_1=  0.275000000000000E+01  -.131520410177160E+00  -.198768132753884E-03
     chi_1_1=  0.280000000000000E+01  -.131557261623505E+00  -.202672458639022E-03
     chi_1_1=  0.285000000000000E+01  -.131594831293380E+00  -.206593494206088E-03
     chi_1_1=  0.290000000000000E+01  -.131633122282665E+00  -.210531634664196E-03
     chi_1_1=  0.295000000000000E+01  -.131672137760073E+00  -.214487281193426E-03
     chi_1_1=  0.300000000000000E+01  -.131711880968246E+00  -.218460841132184E-03
     chi_1_1=  0.305000000000000E+01  -.131752355224898E+00  -.222452728170209E-03
     chi_1_1=  0.310000000000000E+01  -.131793563923990E+00  -.226463362547480E-03
     chi_1_1=  0.315000000000000E+01  -.131835510536938E+00  -.230493171259251E-03
     chi_1_1=  0.320000000000000E+01  -.131878198613863E+00  -.234542588267503E-03
     chi_1_1=  0.325000000000000E+01  -.131921631784880E+00  -.238612054719058E-03
     chi_1_1=  0.330000000000000E+01  -.131965813761423E+00  -.242702019170664E-03
     chi_1_1=  0.335000000000000E+01  -.132010748337618E+00  -.246812937821338E-03
     chi_1_1=  0.340000000000000E+01  -.132056439391690E+00  -.250945274752289E-03
     chi_1_1=  0.345000000000000E+01  -.132102890887426E+00  -.255099502174745E-03
     chi_1_1=  0.350000000000000E+01  -.132150106875669E+00  -.259276100686033E-03
     chi_1_1=  0.355000000000000E+01  -.132198091495874E+00  -.263475559534268E-03
     chi_1_1=  0.360000000000000E+01  -.132246848977703E+00  -.267698376892051E-03
     chi_1_1=  0.365000000000000E+01  -.132296383642670E+00  -.271945060139539E-03
     chi_1_1=  0.370000000000000E+01  -.132346699905849E+00  -.276216126157350E-03
     chi_1_1=  0.375000000000000E+01  -.132397802277620E+00  -.280512101629704E-03
     chi_1_1=  0.379999999999999E+01  -.132449695365485E+00  -.284833523358297E-03
     chi_1_1=  0.384999999999999E+01  -.132502383875934E+00  -.289180938587359E-03
     chi_1_1=  0.390000000000000E+01  -.132555872616370E+00  -.293554905340447E-03
     chi_1_1=  0.394999999999999E+01  -.132610166497105E+00  -.297955992769479E-03
     chi_1_1=  0.399999999999999E+01  -.132665270533406E+00  -.302384781516589E-03
     chi_1_1=  0.404999999999999E+01  -.132721189847624E+00  -.306841864089409E-03
     chi_1_1=  0.409999999999999E+01  -.132777929671374E+00  -.311327845250390E-03
     chi_1_1=  0.414999999999999E+01  -.132835495347805E+00  -.315843342420834E-03
     chi_1_1=  0.419999999999999E+01  -.132893892333932E+00  -.320388986100338E-03
     chi_1_1=  0.424999999999999E+01  -.132953126203048E+00  -.324965420302382E-03
     chi_1_1=  0.429999999999999E+01  -.133013202647217E+00  -.329573303006837E-03
     chi_1_1=  0.434999999999999E+01  -.133074127479851E+00  -.334213306630228E-03
     chi_1_1=  0.439999999999999E+01  -.133135906638374E+00  -.338886118514602E-03
     chi_1_1=  0.444999999999999E+01  -.133198546186969E+00  -.343592441435920E-03
     chi_1_1=  0.449999999999999E+01  -.133262052319431E+00  -.348332994132964E-03
     chi_1_1=  0.454999999999999E+01  -.133326431362104E+00  -.353108511857741E-03
     chi_1_1=  0.459999999999999E+01  -.133391689776930E+00  -.357919746948519E-03
     chi_1_1=  0.464999999999999E+01  -.133457834164595E+00  -.362767469426594E-03
     chi_1_1=  0.469999999999999E+01  -.133524871267791E+00  -.367652467618032E-03
     chi_1_1=  0.474999999999999E+01  -.133592807974586E+00  -.372575548801670E-03
     chi_1_1=  0.479999999999999E+01  -.133661651321922E+00  -.377537539884724E-03
     chi_1_1=  0.484999999999999E+01  -.133731408499225E+00  -.382539288107469E-03
     chi_1_1=  0.489999999999999E+01  -.133802086852154E+00  -.387581661778513E-03
     chi_1_1=  0.494999999999999E+01  -.133873693886485E+00  -.392665551042307E-03
     chi_1_1=  0.499999999999999E+01  -.133946237272126E+00  -.397791868680594E-03
