#        \hbar \omega(eV)           Re(1/eps)            -Im(1/eps)               Re(eps)                Im(eps)
     0.000000000000000E+00  0.503704607745882E+00  -.865280053770318E-10  0.198529055446818E+01  -.341039627452956E-09
     0.500000000000000E-01  0.503702108635175E+00  0.272319176529922E-04  0.198530039865571E+01  0.107332361818247E-03
     0.100000000000000E+00  0.503694611024706E+00  0.544669627927192E-04  0.198532993289816E+01  0.214683439567576E-03
     0.150000000000000E+00  0.503682114079463E+00  0.817080910262275E-04  0.198537916223566E+01  0.322071276257259E-03
     0.200000000000000E+00  0.503664616407405E+00  0.108958346850636E-03  0.198544809507117E+01  0.429514274279918E-03
     0.250000000000000E+00  0.503642116058918E+00  0.136220778308714E-03  0.198553674317470E+01  0.537030863566949E-03
     0.300000000000000E+00  0.503614610526064E+00  0.163498438175527E-03  0.198564512168912E+01  0.644639510811461E-03
     0.350000000000000E+00  0.503582096741611E+00  0.190794385149181E-03  0.198577324913773E+01  0.752358728728446E-03
     0.400000000000000E+00  0.503544571077847E+00  0.218111685046687E-03  0.198592114743341E+01  0.860207085361641E-03
     0.450000000000000E+00  0.503502029345163E+00  0.245453412006009E-03  0.198608884188964E+01  0.968203213446604E-03
     0.500000000000000E+00  0.503454466790443E+00  0.272822649695319E-03  0.198627636123301E+01  0.107636581983952E-02
     0.550000000000000E+00  0.503401878095208E+00  0.300222492530556E-03  0.198648373761763E+01  0.118471369502159E-02
     0.600000000000000E+00  0.503344257373545E+00  0.327656046902342E-03  0.198671100664121E+01  0.129326572268875E-02
     0.650000000000000E+00  0.503281598169821E+00  0.355126432413343E-03  0.198695820736286E+01  0.140204088943679E-02
     0.700000000000000E+00  0.503213893456153E+00  0.382636783127211E-03  0.198722538232273E+01  0.151105829455197E-02
     0.750000000000000E+00  0.503141135629670E+00  0.410190248830196E-03  0.198751257756339E+01  0.162033715991756E-02
     0.800000000000000E+00  0.503063316509522E+00  0.437789996306601E-03  0.198781984265303E+01  0.172989684004674E-02
     0.850000000000000E+00  0.502980427333676E+00  0.465439210629223E-03  0.198814723071050E+01  0.183975683225281E-02
     0.900000000000000E+00  0.502892458755463E+00  0.493141096466000E-03  0.198849479843224E+01  0.194993678696749E-02
     0.950000000000000E+00  0.502799400839886E+00  0.520898879404040E-03  0.198886260612103E+01  0.206045651821879E-02
     0.100000000000000E+01  0.502701243059693E+00  0.548715807292317E-03  0.198925071771677E+01  0.217133601427989E-02
     0.105000000000000E+01  0.502597974291196E+00  0.576595151604281E-03  0.198965920082907E+01  0.228259544850097E-02
     0.110000000000000E+01  0.502489582809844E+00  0.604540208821690E-03  0.199008812677196E+01  0.239425519033610E-02
     0.115000000000000E+01  0.502376056285541E+00  0.632554301840999E-03  0.199053757060053E+01  0.250633581657768E-02
     0.120000000000000E+01  0.502257381777708E+00  0.660640781403725E-03  0.199100761114967E+01  0.261885812281169E-02
     0.125000000000000E+01  0.502133545730077E+00  0.688803027552113E-03  0.199149833107492E+01  0.273184313510647E-02
     0.130000000000000E+01  0.502004533965225E+00  0.717044451111662E-03  0.199200981689541E+01  0.284531212194939E-02
     0.135000000000000E+01  0.501870331678828E+00  0.745368495201936E-03  0.199254215903909E+01  0.295928660644523E-02
     0.140000000000000E+01  0.501730923433650E+00  0.773778636777235E-03  0.199309545189008E+01  0.307378837879097E-02
     0.145000000000000E+01  0.501586293153230E+00  0.802278388198733E-03  0.199366979383842E+01  0.318883950904250E-02
     0.150000000000000E+01  0.501436424115299E+00  0.830871298839711E-03  0.199426528733208E+01  0.330446236018857E-02
     0.155000000000000E+01  0.501281298944890E+00  0.859560956725608E-03  0.199488203893141E+01  0.342067960154869E-02
     0.160000000000000E+01  0.501120899607153E+00  0.888350990210649E-03  0.199552015936607E+01  0.353751422251170E-02
     0.165000000000000E+01  0.500955207399859E+00  0.917245069692861E-03  0.199617976359445E+01  0.365498954663264E-02
     0.170000000000000E+01  0.500784202945585E+00  0.946246909369417E-03  0.199686097086567E+01  0.377312924610637E-02
     0.175000000000000E+01  0.500607866183588E+00  0.975360269034220E-03  0.199756390478430E+01  0.389195735663680E-02
     0.180000000000000E+01  0.500426176361332E+00  0.100458895591980E-02  0.199828869337777E+01  0.401149829272166E-02
     0.185000000000000E+01  0.500239112025693E+00  0.103393682658563E-02  0.199903546916655E+01  0.413177686337332E-02
     0.190000000000000E+01  0.500046651013804E+00  0.106340778885504E-02  0.199980436923735E+01  0.425281828829732E-02
     0.195000000000000E+01  0.499848770443547E+00  0.109300580380310E-02  0.200059553531912E+01  0.437464821455097E-02
     0.200000000000000E+01  0.499645446703688E+00  0.112273488779771E-02  0.200140911386227E+01  0.449729273370537E-02
     0.205000000000000E+01  0.499436655443622E+00  0.115259911459654E-02  0.200224525612096E+01  0.462077839953547E-02
     0.210000000000000E+01  0.499222371562741E+00  0.118260261750225E-02  0.200310411823864E+01  0.474513224626358E-02
     0.215000000000000E+01  0.499002569199408E+00  0.121274959157879E-02  0.200398586133700E+01  0.487038180738291E-02
     0.220000000000000E+01  0.498777221719513E+00  0.124304429593157E-02  0.200489065160835E+01  0.499655513508947E-02
     0.225000000000000E+01  0.498546301704619E+00  0.127349105605432E-02  0.200581866041157E+01  0.512368082035124E-02
     0.230000000000000E+01  0.498309780939671E+00  0.130409426624590E-02  0.200677006437172E+01  0.525178801364509E-02
     0.235000000000000E+01  0.498067630400265E+00  0.133485839210002E-02  0.200774504548357E+01  0.538090644639401E-02
     0.240000000000000E+01  0.497819820239449E+00  0.136578797307143E-02  0.200874379121894E+01  0.551106645313785E-02
     0.245000000000000E+01  0.497566319774063E+00  0.139688762512192E-02  0.200976649463822E+01  0.564229899447293E-02
     0.250000000000000E+01  0.497307097470590E+00  0.142816204344976E-02  0.201081335450605E+01  0.577463568079736E-02
     0.255000000000000E+01  0.497042120930491E+00  0.145961600530657E-02  0.201188457541143E+01  0.590810879690135E-02
     0.260000000000000E+01  0.496771356875044E+00  0.149125437290543E-02  0.201298036789225E+01  0.604275132744253E-02
     0.265000000000000E+01  0.496494771129631E+00  0.152308209642457E-02  0.201410094856460E+01  0.617859698334979E-02
     0.270000000000000E+01  0.496212328607477E+00  0.155510421711087E-02  0.201524654025691E+01  0.631568022920015E-02
     0.275000000000000E+01  0.495923993292816E+00  0.158732587048793E-02  0.201641737214911E+01  0.645403631161627E-02
     0.280000000000000E+01  0.495629728223476E+00  0.161975228967346E-02  0.201761367991702E+01  0.659370128873416E-02
     0.285000000000000E+01  0.495329495472837E+00  0.165238880881104E-02  0.201883570588216E+01  0.673471206079379E-02
     0.290000000000000E+01  0.495023256131175E+00  0.168524086662157E-02  0.202008369916718E+01  0.687710640190712E-02
     0.295000000000000E+01  0.494710970286337E+00  0.171831401008013E-02  0.202135791585715E+01  0.702092299306273E-02
     0.300000000000000E+01  0.494392597003750E+00  0.175161389822383E-02  0.202265861916688E+01  0.716620145642684E-02
     0.305000000000000E+01  0.494068094305725E+00  0.178514630609713E-02  0.202398607961459E+01  0.731298239100670E-02
     0.310000000000000E+01  0.493737419150039E+00  0.181891712884096E-02  0.202534057520212E+01  0.746130740974332E-02
     0.315000000000000E+01  0.493400527407754E+00  0.185293238593240E-02  0.202672239160191E+01  0.761121917810611E-02
     0.320000000000000E+01  0.493057373840269E+00  0.188719822558232E-02  0.202813182235119E+01  0.776276145426469E-02
     0.325000000000000E+01  0.492707912075562E+00  0.192172092929825E-02  0.202956916905339E+01  0.791597913091805E-02
     0.330000000000000E+01  0.492352094583578E+00  0.195650691662078E-02  0.203103474158738E+01  0.807091827886650E-02
     0.335000000000000E+01  0.491989872650761E+00  0.199156275004159E-02  0.203252885832467E+01  0.822762619241431E-02
     0.340000000000000E+01  0.491621196353681E+00  0.202689514011214E-02  0.203405184635490E+01  0.838615143669854E-02
     0.345000000000000E+01  0.491246014531710E+00  0.206251095075232E-02  0.203560404172006E+01  0.854654389704427E-02
     0.350000000000000E+01  0.490864274758736E+00  0.209841720476884E-02  0.203718578965782E+01  0.870885483045124E-02
     0.355000000000000E+01  0.490475923313849E+00  0.213462108959391E-02  0.203879744485424E+01  0.887313691932481E-02
     0.360000000000000E+01  0.490080905150986E+00  0.217112996325505E-02  0.204043937170638E+01  0.903944432756912E-02
     0.365000000000000E+01  0.489679163867464E+00  0.220795136058774E-02  0.204211194459518E+01  0.920783275916919E-02
     0.370000000000000E+01  0.489270641671385E+00  0.224509299970315E-02  0.204381554816919E+01  0.937835951939451E-02
     0.375000000000000E+01  0.488855279347848E+00  0.228256278872384E-02  0.204555057763934E+01  0.955108357876562E-02
     0.379999999999999E+01  0.488433016223911E+00  0.232036883280147E-02  0.204731743908566E+01  0.972606563993521E-02
     0.384999999999999E+01  0.488003790132287E+00  0.235851944143060E-02  0.204911654977613E+01  0.990336820764057E-02
     0.390000000000000E+01  0.487567537373677E+00  0.239702313607441E-02  0.205094833849839E+01  0.100830556618994E-01
     0.394999999999999E+01  0.487124192677716E+00  0.243588865811839E-02  0.205281324590490E+01  0.102651943346268E-01
     0.399999999999999E+01  0.486673689162446E+00  0.247512497716944E-02  0.205471172487212E+01  0.104498525898661E-01
     0.404999999999999E+01  0.486215958292275E+00  0.251474129971863E-02  0.205664424087441E+01  0.106371009078365E-01
     0.409999999999999E+01  0.485750929834348E+00  0.255474707818720E-02  0.205861127237329E+01  0.108270119730134E-01
     0.414999999999999E+01  0.485278531813245E+00  0.259515202037637E-02  0.206061331122294E+01  0.110196607664743E-01
     0.419999999999999E+01  0.484798690463963E+00  0.263596609934297E-02  0.206265086309247E+01  0.112151246627520E-01
     0.424999999999999E+01  0.484311330183063E+00  0.267719956372432E-02  0.206472444790605E+01  0.114134835314623E-01
     0.429999999999999E+01  0.483816373477957E+00  0.271886294853689E-02  0.206683460030158E+01  0.116148198439796E-01
     0.434999999999999E+01  0.483313740914178E+00  0.276096708647559E-02  0.206898187010890E+01  0.118192187854633E-01
     0.439999999999999E+01  0.482803351060607E+00  0.280352311974131E-02  0.207116682284851E+01  0.120267683725502E-01
     0.444999999999999E+01  0.482285120432518E+00  0.284654251242710E-02  0.207339004025179E+01  0.122375595770541E-01
     0.449999999999999E+01  0.481758963432356E+00  0.289003706349454E-02  0.207565212080386E+01  0.124516864560351E-01
     0.454999999999999E+01  0.481224792288146E+00  0.293401892037451E-02  0.207795368031024E+01  0.126692462886274E-01
     0.459999999999999E+01  0.480682516989400E+00  0.297850059322863E-02  0.208029535248844E+01  0.128903397200407E-01
     0.464999999999999E+01  0.480132045220419E+00  0.302349496991011E-02  0.208267778958599E+01  0.131150709131817E-01
     0.469999999999999E+01  0.479573282290856E+00  0.306901533166527E-02  0.208510166302601E+01  0.133435477083699E-01
     0.474999999999999E+01  0.479006131063411E+00  0.311507536962030E-02  0.208756766408202E+01  0.135758817916609E-01
     0.479999999999999E+01  0.478430491878501E+00  0.316168920210013E-02  0.209007650458351E+01  0.138121888723243E-01
     0.484999999999999E+01  0.477846262475774E+00  0.320887139283039E-02  0.209262891765377E+01  0.140525888700641E-01
     0.489999999999999E+01  0.477253337912284E+00  0.325663697007661E-02  0.209522565848202E+01  0.142972061126155E-01
     0.494999999999999E+01  0.476651610477183E+00  0.330500144677851E-02  0.209786750513135E+01  0.145461695443923E-01
     0.499999999999999E+01  0.476040969602723E+00  0.335398084174217E-02  0.210055525938495E+01  0.147996129469222E-01
